[ 5.87675369  9.14400341 -0.03841771  1.7510025   2.52358384  7.50128719
  9.35240091 -3.229265   -7.81053067  6.99215157 -6.61478522  4.48282715
 -5.42470656 -6.45581132  3.7170346   0.17165626 -4.67270595  8.94784334
 -4.21673176 -9.33766569  5.2634596  -3.61073025 -4.28341848 -7.95817213
 -0.4136328  -3.6116      0.95074443 -1.4138236  -7.33711311 -9.10330608
 -4.08246908 -0.27550453  9.28074918 -0.75179151  9.76933104 -2.80072635
  5.59855099  5.91799143  9.61152639  2.70162465 -3.62050165  9.83740415
 -3.54934918  0.14049408  2.66540636  7.19440509  6.16027764  1.50939574
 -6.08333778  5.89934026 -4.87170894 -8.33909989 -3.09878561  0.44193834
  9.52206906  2.96101423 -9.79331392  0.37141503  4.33559803 -1.3112082 ]
0.24207078465230777
[ 0.93806141  5.28595283 -0.57239192 -7.70630183  3.08225054 -1.35234959
  4.46048021  7.21642094  4.02096039  0.05622862 -5.10188274 -3.28837135
  1.59197397  4.10865482 -1.80249933  3.2206606   5.35067565 -2.35902424
 -3.1969824  -8.35279141  7.51809238  6.76453154 -0.651584    9.16582809
 -3.6091165  -4.83777187  0.07377849  1.40628273  4.96774774  3.35839154
  2.45215645 -3.37282353 -6.42787918  5.0096631   1.72969755 -2.53438505
  1.92124368  1.80857895 -3.25296494 -1.8564532  -1.40198936 -5.33510243
 -0.11271446  0.97223077  0.99924935 -1.82538294 -0.43284863 -0.59127031
 -1.18550768 -2.062529   -2.74653171  1.72784015 -2.50288352 -1.9849793
 -6.88025481 -1.90827367 -6.22645316  4.8275353   5.55294998 -1.92968219]
0.06088093148510003
[ 7.26047158 -8.04947443  2.37188701  1.07687017  2.33986647  7.97524535
  3.93179584 -5.65275757 -0.86938443  1.15327743  2.88605072 -8.20669782
 -6.79887584  3.53307935 -4.14716982  1.29603579 -3.35941364  3.10114039
  1.5064622   3.48356719  0.88389252 -5.03478135 -1.83096563  5.52274698
  4.71281041  0.74799354  1.74953417 -1.82573447  2.21692607 -3.40720252
 -3.38617571 -7.50969374 -1.17218167  0.06151317  3.52815622  4.11415389
  6.82466966  2.6092607   3.32400987  7.01728982 -1.69617912 -0.82450616
  3.73458137  3.78936689 -8.80395445 -2.67030366 -3.75527857  0.11825527
  7.87293773 -6.56167005 -0.48763304  2.40009301 -0.65349665 -0.11975307
  3.24296676 -1.27572976  0.07352878 -3.24396976 -1.05004135 -6.46509271]
0.06723373983889215
